alpha=0.500000
beta=0.100000
ntopics=20
ndocs=1332
nwords=8449
liter=1000
