0.018519 0.055556 0.018519 0.018519 0.018519 0.018519 0.129630 0.018519 0.018519 0.018519 0.018519 0.166667 0.203704 0.018519 0.018519 0.092593 0.055556 0.018519 0.018519 0.055556 
0.012500 0.212500 0.012500 0.037500 0.087500 0.012500 0.137500 0.012500 0.012500 0.012500 0.012500 0.137500 0.012500 0.012500 0.012500 0.012500 0.137500 0.087500 0.012500 0.012500 
0.013514 0.013514 0.013514 0.013514 0.013514 0.121622 0.094595 0.094595 0.013514 0.013514 0.040541 0.310811 0.040541 0.013514 0.013514 0.013514 0.013514 0.013514 0.067568 0.067568 
0.110000 0.070000 0.030000 0.030000 0.010000 0.010000 0.030000 0.150000 0.030000 0.010000 0.070000 0.010000 0.090000 0.030000 0.010000 0.010000 0.010000 0.010000 0.270000 0.010000 
0.010204 0.010204 0.071429 0.112245 0.030612 0.030612 0.153061 0.010204 0.051020 0.010204 0.010204 0.010204 0.051020 0.153061 0.010204 0.112245 0.091837 0.030612 0.010204 0.030612 
0.014286 0.014286 0.014286 0.100000 0.042857 0.100000 0.014286 0.014286 0.071429 0.014286 0.014286 0.414286 0.042857 0.014286 0.014286 0.042857 0.014286 0.014286 0.014286 0.014286 
0.011111 0.011111 0.011111 0.011111 0.011111 0.011111 0.122222 0.011111 0.011111 0.011111 0.011111 0.300000 0.011111 0.011111 0.144444 0.011111 0.255556 0.011111 0.011111 0.011111 
0.054688 0.007812 0.054688 0.007812 0.007812 0.039062 0.007812 0.007812 0.242188 0.007812 0.007812 0.054688 0.070312 0.023438 0.023438 0.007812 0.320312 0.007812 0.007812 0.039062 
0.006410 0.442308 0.006410 0.006410 0.006410 0.314103 0.006410 0.006410 0.006410 0.006410 0.006410 0.070513 0.044872 0.006410 0.006410 0.006410 0.006410 0.006410 0.032051 0.006410 
0.016667 0.016667 0.050000 0.183333 0.050000 0.116667 0.016667 0.016667 0.016667 0.016667 0.016667 0.016667 0.250000 0.016667 0.016667 0.016667 0.016667 0.016667 0.116667 0.016667 
0.007042 0.049296 0.007042 0.049296 0.007042 0.007042 0.007042 0.021127 0.049296 0.021127 0.161972 0.021127 0.049296 0.415493 0.021127 0.021127 0.049296 0.007042 0.007042 0.021127 
0.008475 0.110169 0.042373 0.008475 0.025424 0.008475 0.008475 0.008475 0.008475 0.076271 0.025424 0.025424 0.076271 0.076271 0.008475 0.008475 0.042373 0.025424 0.008475 0.398305 
0.013889 0.041667 0.013889 0.069444 0.013889 0.013889 0.152778 0.013889 0.069444 0.013889 0.013889 0.097222 0.069444 0.069444 0.069444 0.069444 0.013889 0.069444 0.069444 0.041667 
0.011811 0.003937 0.145669 0.003937 0.003937 0.003937 0.011811 0.003937 0.169291 0.003937 0.003937 0.122047 0.003937 0.059055 0.011811 0.114173 0.295276 0.019685 0.003937 0.003937 
0.007426 0.002475 0.002475 0.002475 0.002475 0.804455 0.012376 0.002475 0.002475 0.037129 0.002475 0.042079 0.002475 0.002475 0.002475 0.027228 0.012376 0.022277 0.007426 0.002475 
0.018519 0.018519 0.018519 0.018519 0.018519 0.203704 0.018519 0.018519 0.018519 0.018519 0.018519 0.314815 0.018519 0.018519 0.055556 0.018519 0.055556 0.018519 0.018519 0.092593 
0.009804 0.009804 0.009804 0.009804 0.009804 0.245098 0.049020 0.009804 0.029412 0.029412 0.009804 0.343137 0.029412 0.049020 0.029412 0.009804 0.009804 0.049020 0.009804 0.049020 
0.010638 0.095745 0.010638 0.010638 0.010638 0.138298 0.138298 0.010638 0.010638 0.010638 0.031915 0.031915 0.159574 0.010638 0.010638 0.010638 0.159574 0.010638 0.117021 0.010638 
0.016667 0.083333 0.016667 0.016667 0.016667 0.050000 0.083333 0.116667 0.083333 0.016667 0.016667 0.150000 0.016667 0.016667 0.016667 0.016667 0.050000 0.016667 0.116667 0.083333 
0.004505 0.022523 0.004505 0.004505 0.004505 0.382883 0.058559 0.049550 0.004505 0.013514 0.004505 0.274775 0.040541 0.004505 0.013514 0.022523 0.031532 0.031532 0.004505 0.022523 
0.011905 0.011905 0.011905 0.011905 0.011905 0.035714 0.011905 0.011905 0.011905 0.059524 0.011905 0.416667 0.035714 0.035714 0.011905 0.059524 0.202381 0.011905 0.011905 0.011905 
0.012500 0.037500 0.087500 0.062500 0.112500 0.062500 0.337500 0.012500 0.012500 0.012500 0.012500 0.062500 0.037500 0.012500 0.012500 0.062500 0.012500 0.012500 0.012500 0.012500 
0.013889 0.013889 0.013889 0.013889 0.013889 0.013889 0.375000 0.041667 0.013889 0.013889 0.013889 0.041667 0.125000 0.013889 0.069444 0.013889 0.013889 0.041667 0.069444 0.069444 
0.005814 0.005814 0.040698 0.017442 0.005814 0.273256 0.191860 0.005814 0.005814 0.005814 0.005814 0.005814 0.145349 0.005814 0.145349 0.005814 0.005814 0.005814 0.017442 0.098837 
0.336364 0.027273 0.009091 0.027273 0.009091 0.045455 0.100000 0.009091 0.027273 0.009091 0.009091 0.009091 0.100000 0.027273 0.009091 0.009091 0.081818 0.009091 0.136364 0.009091 
0.157143 0.128571 0.042857 0.014286 0.014286 0.014286 0.214286 0.014286 0.014286 0.014286 0.014286 0.014286 0.185714 0.042857 0.014286 0.042857 0.014286 0.014286 0.014286 0.014286 
0.009434 0.009434 0.009434 0.009434 0.009434 0.009434 0.235849 0.009434 0.009434 0.028302 0.009434 0.028302 0.047170 0.009434 0.009434 0.009434 0.103774 0.028302 0.405660 0.009434 
0.559524 0.003968 0.003968 0.059524 0.011905 0.003968 0.003968 0.091270 0.011905 0.075397 0.011905 0.051587 0.011905 0.003968 0.003968 0.011905 0.003968 0.059524 0.003968 0.011905 
0.462121 0.037879 0.022727 0.007576 0.007576 0.022727 0.037879 0.007576 0.007576 0.007576 0.022727 0.037879 0.007576 0.068182 0.022727 0.007576 0.007576 0.174242 0.007576 0.022727 
0.510417 0.031250 0.052083 0.010417 0.135417 0.031250 0.010417 0.010417 0.010417 0.010417 0.010417 0.010417 0.072917 0.010417 0.010417 0.010417 0.010417 0.010417 0.010417 0.031250 
0.100000 0.300000 0.014286 0.071429 0.014286 0.042857 0.100000 0.014286 0.014286 0.014286 0.014286 0.014286 0.071429 0.014286 0.042857 0.014286 0.071429 0.014286 0.014286 0.042857 
0.450820 0.040984 0.040984 0.090164 0.008197 0.008197 0.008197 0.008197 0.008197 0.040984 0.024590 0.024590 0.090164 0.008197 0.008197 0.040984 0.024590 0.024590 0.008197 0.040984 
0.315217 0.010870 0.032609 0.010870 0.010870 0.032609 0.010870 0.163043 0.010870 0.054348 0.010870 0.097826 0.032609 0.010870 0.010870 0.010870 0.076087 0.010870 0.010870 0.076087 
0.312500 0.034722 0.006944 0.006944 0.006944 0.020833 0.006944 0.006944 0.020833 0.006944 0.006944 0.048611 0.006944 0.006944 0.006944 0.034722 0.020833 0.340278 0.076389 0.020833 
0.568182 0.022727 0.022727 0.022727 0.007576 0.037879 0.007576 0.022727 0.037879 0.037879 0.083333 0.022727 0.007576 0.007576 0.007576 0.007576 0.007576 0.022727 0.007576 0.037879 
0.426471 0.014706 0.132353 0.014706 0.014706 0.044118 0.014706 0.044118 0.014706 0.014706 0.044118 0.044118 0.014706 0.014706 0.044118 0.014706 0.014706 0.014706 0.044118 0.014706 
0.015625 0.046875 0.015625 0.015625 0.015625 0.046875 0.046875 0.015625 0.203125 0.015625 0.078125 0.015625 0.109375 0.046875 0.015625 0.140625 0.046875 0.078125 0.015625 0.015625 
0.013158 0.197368 0.013158 0.065789 0.013158 0.013158 0.276316 0.013158 0.013158 0.013158 0.013158 0.013158 0.013158 0.013158 0.092105 0.013158 0.118421 0.013158 0.039474 0.039474 
0.010274 0.010274 0.003425 0.017123 0.003425 0.256849 0.250000 0.010274 0.311644 0.017123 0.003425 0.037671 0.003425 0.003425 0.003425 0.003425 0.003425 0.030822 0.017123 0.003425 
0.015789 0.005263 0.015789 0.005263 0.005263 0.005263 0.015789 0.026316 0.005263 0.036842 0.026316 0.005263 0.036842 0.636842 0.005263 0.100000 0.005263 0.005263 0.005263 0.036842 
0.008065 0.008065 0.120968 0.008065 0.024194 0.379032 0.008065 0.008065 0.024194 0.024194 0.008065 0.153226 0.088710 0.008065 0.008065 0.008065 0.040323 0.024194 0.040323 0.008065 
0.007937 0.007937 0.007937 0.103175 0.023810 0.039683 0.230159 0.039683 0.007937 0.023810 0.007937 0.039683 0.150794 0.007937 0.007937 0.261905 0.007937 0.007937 0.007937 0.007937 
0.011905 0.083333 0.035714 0.011905 0.059524 0.083333 0.011905 0.011905 0.011905 0.011905 0.011905 0.011905 0.321429 0.011905 0.035714 0.059524 0.035714 0.154762 0.011905 0.011905 
0.092105 0.118421 0.013158 0.013158 0.065789 0.171053 0.039474 0.013158 0.013158 0.065789 0.013158 0.039474 0.171053 0.013158 0.039474 0.013158 0.013158 0.013158 0.065789 0.013158 
0.007812 0.007812 0.007812 0.023438 0.007812 0.039062 0.007812 0.039062 0.007812 0.007812 0.195312 0.023438 0.226562 0.023438 0.101562 0.007812 0.210938 0.039062 0.007812 0.007812 
0.021739 0.021739 0.021739 0.021739 0.021739 0.065217 0.369565 0.021739 0.021739 0.021739 0.065217 0.065217 0.021739 0.021739 0.021739 0.021739 0.021739 0.021739 0.108696 0.021739 
0.020000 0.020000 0.020000 0.140000 0.020000 0.020000 0.220000 0.020000 0.020000 0.020000 0.020000 0.100000 0.020000 0.060000 0.140000 0.020000 0.020000 0.020000 0.020000 0.060000 
0.044118 0.014706 0.014706 0.014706 0.014706 0.014706 0.102941 0.014706 0.073529 0.014706 0.014706 0.338235 0.073529 0.044118 0.014706 0.014706 0.044118 0.073529 0.044118 0.014706 
0.012821 0.012821 0.012821 0.012821 0.012821 0.012821 0.320513 0.012821 0.038462 0.012821 0.012821 0.064103 0.012821 0.012821 0.012821 0.269231 0.038462 0.038462 0.064103 0.012821 
0.071429 0.010204 0.071429 0.010204 0.132653 0.010204 0.030612 0.091837 0.010204 0.010204 0.051020 0.071429 0.010204 0.030612 0.010204 0.295918 0.010204 0.010204 0.030612 0.030612 
0.019231 0.134615 0.057692 0.019231 0.019231 0.019231 0.288462 0.019231 0.019231 0.096154 0.019231 0.057692 0.057692 0.019231 0.019231 0.019231 0.019231 0.019231 0.019231 0.057692 
0.017241 0.017241 0.017241 0.051724 0.017241 0.051724 0.155172 0.017241 0.086207 0.051724 0.017241 0.017241 0.155172 0.017241 0.017241 0.155172 0.017241 0.086207 0.017241 0.017241 
0.012195 0.426829 0.012195 0.036585 0.012195 0.012195 0.036585 0.012195 0.012195 0.012195 0.036585 0.085366 0.012195 0.036585 0.012195 0.085366 0.109756 0.012195 0.012195 0.012195 
0.009259 0.120370 0.083333 0.009259 0.009259 0.046296 0.027778 0.064815 0.009259 0.268519 0.009259 0.027778 0.083333 0.009259 0.027778 0.027778 0.138889 0.009259 0.009259 0.009259 
0.010870 0.228261 0.010870 0.010870 0.032609 0.010870 0.250000 0.032609 0.032609 0.010870 0.032609 0.010870 0.010870 0.010870 0.010870 0.097826 0.054348 0.010870 0.119565 0.010870 
0.002488 0.002488 0.007463 0.012438 0.002488 0.708955 0.062189 0.002488 0.017413 0.002488 0.012438 0.141791 0.002488 0.007463 0.002488 0.002488 0.002488 0.002488 0.002488 0.002488 
0.060345 0.112069 0.008621 0.163793 0.043103 0.008621 0.077586 0.008621 0.043103 0.008621 0.077586 0.146552 0.146552 0.008621 0.008621 0.008621 0.008621 0.025862 0.025862 0.008621 
0.050000 0.016667 0.016667 0.016667 0.016667 0.050000 0.016667 0.016667 0.083333 0.016667 0.016667 0.283333 0.016667 0.016667 0.016667 0.183333 0.016667 0.083333 0.016667 0.050000 
0.008929 0.026786 0.008929 0.008929 0.062500 0.062500 0.008929 0.062500 0.026786 0.008929 0.044643 0.491071 0.008929 0.026786 0.008929 0.026786 0.062500 0.008929 0.008929 0.026786 
0.011628 0.011628 0.081395 0.011628 0.011628 0.104651 0.453488 0.011628 0.011628 0.011628 0.011628 0.034884 0.081395 0.034884 0.011628 0.058140 0.011628 0.011628 0.011628 0.011628 
0.011111 0.077778 0.033333 0.011111 0.033333 0.055556 0.211111 0.011111 0.011111 0.011111 0.011111 0.188889 0.144444 0.011111 0.011111 0.033333 0.011111 0.077778 0.011111 0.033333 
0.030612 0.030612 0.010204 0.091837 0.030612 0.010204 0.112245 0.010204 0.010204 0.010204 0.010204 0.030612 0.112245 0.010204 0.010204 0.295918 0.112245 0.010204 0.010204 0.051020 
0.015625 0.015625 0.015625 0.078125 0.015625 0.078125 0.046875 0.015625 0.015625 0.015625 0.015625 0.265625 0.203125 0.015625 0.015625 0.078125 0.015625 0.046875 0.015625 0.015625 
0.012821 0.012821 0.012821 0.012821 0.012821 0.269231 0.012821 0.012821 0.089744 0.012821 0.012821 0.115385 0.012821 0.012821 0.012821 0.012821 0.166667 0.115385 0.064103 0.012821 
0.045455 0.045455 0.015152 0.196970 0.015152 0.015152 0.166667 0.075758 0.015152 0.015152 0.015152 0.015152 0.136364 0.015152 0.045455 0.045455 0.075758 0.015152 0.015152 0.015152 
0.011628 0.003876 0.003876 0.050388 0.003876 0.585271 0.003876 0.003876 0.003876 0.003876 0.003876 0.058140 0.019380 0.003876 0.050388 0.135659 0.003876 0.003876 0.011628 0.034884 
0.043860 0.131579 0.078947 0.008772 0.008772 0.008772 0.078947 0.008772 0.043860 0.008772 0.096491 0.271930 0.078947 0.008772 0.008772 0.008772 0.026316 0.008772 0.008772 0.061404 
0.077465 0.007042 0.035211 0.105634 0.007042 0.133803 0.007042 0.147887 0.021127 0.021127 0.007042 0.091549 0.049296 0.105634 0.007042 0.021127 0.133803 0.007042 0.007042 0.007042 
0.013889 0.208333 0.041667 0.097222 0.041667 0.013889 0.041667 0.013889 0.041667 0.069444 0.013889 0.125000 0.041667 0.013889 0.013889 0.152778 0.013889 0.013889 0.013889 0.013889 
0.012195 0.012195 0.109756 0.012195 0.036585 0.060976 0.329268 0.012195 0.060976 0.012195 0.012195 0.207317 0.012195 0.012195 0.012195 0.012195 0.012195 0.012195 0.012195 0.036585 
0.009615 0.009615 0.028846 0.067308 0.009615 0.278846 0.028846 0.048077 0.009615 0.009615 0.009615 0.201923 0.009615 0.009615 0.009615 0.009615 0.144231 0.009615 0.086538 0.009615 
0.277778 0.033333 0.011111 0.011111 0.033333 0.011111 0.011111 0.011111 0.011111 0.033333 0.055556 0.188889 0.033333 0.077778 0.011111 0.144444 0.011111 0.011111 0.011111 0.011111 
0.014706 0.014706 0.014706 0.014706 0.014706 0.220588 0.014706 0.014706 0.014706 0.014706 0.014706 0.397059 0.014706 0.073529 0.014706 0.014706 0.044118 0.044118 0.014706 0.014706 
0.016129 0.016129 0.016129 0.016129 0.016129 0.048387 0.048387 0.145161 0.048387 0.016129 0.016129 0.338710 0.145161 0.016129 0.016129 0.016129 0.016129 0.016129 0.016129 0.016129 
0.010000 0.030000 0.010000 0.010000 0.010000 0.010000 0.230000 0.090000 0.010000 0.010000 0.090000 0.010000 0.370000 0.010000 0.010000 0.050000 0.010000 0.010000 0.010000 0.010000 
0.032609 0.032609 0.010870 0.054348 0.010870 0.032609 0.032609 0.250000 0.054348 0.010870 0.054348 0.032609 0.271739 0.010870 0.010870 0.032609 0.010870 0.032609 0.010870 0.010870 
0.010417 0.072917 0.010417 0.010417 0.031250 0.010417 0.010417 0.031250 0.010417 0.031250 0.052083 0.072917 0.260417 0.010417 0.052083 0.114583 0.031250 0.010417 0.010417 0.156250 
0.043103 0.008621 0.008621 0.077586 0.043103 0.008621 0.008621 0.129310 0.008621 0.008621 0.112069 0.025862 0.336207 0.008621 0.025862 0.060345 0.008621 0.008621 0.043103 0.025862 
0.008475 0.008475 0.008475 0.025424 0.008475 0.008475 0.059322 0.601695 0.008475 0.008475 0.042373 0.008475 0.042373 0.008475 0.008475 0.025424 0.059322 0.008475 0.025424 0.025424 
0.061404 0.008772 0.008772 0.008772 0.026316 0.008772 0.008772 0.026316 0.008772 0.008772 0.026316 0.008772 0.061404 0.008772 0.008772 0.008772 0.149123 0.482456 0.061404 0.008772 
0.009615 0.009615 0.009615 0.009615 0.028846 0.067308 0.009615 0.355769 0.009615 0.009615 0.086538 0.009615 0.009615 0.067308 0.009615 0.163462 0.009615 0.028846 0.086538 0.009615 
0.016667 0.016667 0.050000 0.350000 0.016667 0.016667 0.083333 0.083333 0.083333 0.016667 0.050000 0.016667 0.050000 0.016667 0.016667 0.050000 0.016667 0.016667 0.016667 0.016667 
0.067568 0.121622 0.013514 0.121622 0.040541 0.013514 0.094595 0.040541 0.013514 0.040541 0.013514 0.121622 0.175676 0.013514 0.013514 0.013514 0.013514 0.040541 0.013514 0.013514 
0.011628 0.034884 0.174419 0.151163 0.081395 0.011628 0.011628 0.127907 0.104651 0.011628 0.011628 0.034884 0.034884 0.011628 0.011628 0.011628 0.034884 0.081395 0.011628 0.034884 
0.026786 0.044643 0.044643 0.026786 0.062500 0.026786 0.008929 0.080357 0.044643 0.008929 0.026786 0.098214 0.098214 0.133929 0.062500 0.008929 0.169643 0.008929 0.008929 0.008929 
0.014286 0.014286 0.042857 0.071429 0.014286 0.014286 0.071429 0.014286 0.014286 0.014286 0.014286 0.528571 0.042857 0.014286 0.042857 0.014286 0.014286 0.014286 0.014286 0.014286 
0.187500 0.104167 0.020833 0.020833 0.020833 0.020833 0.145833 0.020833 0.020833 0.020833 0.020833 0.020833 0.020833 0.020833 0.020833 0.020833 0.020833 0.020833 0.020833 0.229167 
0.013158 0.013158 0.013158 0.013158 0.013158 0.013158 0.039474 0.013158 0.039474 0.013158 0.013158 0.065789 0.065789 0.013158 0.013158 0.565789 0.013158 0.039474 0.013158 0.013158 
0.016667 0.250000 0.016667 0.016667 0.016667 0.016667 0.216667 0.016667 0.016667 0.016667 0.016667 0.050000 0.016667 0.050000 0.016667 0.016667 0.016667 0.016667 0.183333 0.016667 
0.012500 0.037500 0.012500 0.387500 0.012500 0.012500 0.062500 0.012500 0.037500 0.012500 0.012500 0.212500 0.012500 0.062500 0.012500 0.012500 0.037500 0.012500 0.012500 0.012500 
0.013889 0.013889 0.013889 0.125000 0.013889 0.180556 0.069444 0.013889 0.069444 0.013889 0.013889 0.069444 0.097222 0.041667 0.152778 0.013889 0.013889 0.013889 0.041667 0.013889 
0.010417 0.093750 0.072917 0.156250 0.010417 0.010417 0.114583 0.031250 0.010417 0.052083 0.010417 0.093750 0.197917 0.031250 0.010417 0.010417 0.031250 0.010417 0.010417 0.031250 
0.037500 0.012500 0.012500 0.087500 0.062500 0.062500 0.137500 0.012500 0.037500 0.012500 0.012500 0.287500 0.012500 0.012500 0.087500 0.037500 0.012500 0.037500 0.012500 0.012500 
0.010638 0.010638 0.031915 0.010638 0.031915 0.010638 0.308511 0.010638 0.031915 0.031915 0.010638 0.351064 0.010638 0.010638 0.010638 0.010638 0.010638 0.031915 0.053191 0.010638 
0.007692 0.007692 0.007692 0.084615 0.007692 0.007692 0.053846 0.115385 0.007692 0.007692 0.007692 0.146154 0.007692 0.161538 0.007692 0.023077 0.253846 0.007692 0.069231 0.007692 
0.008929 0.008929 0.008929 0.294643 0.008929 0.080357 0.008929 0.026786 0.008929 0.008929 0.258929 0.008929 0.044643 0.008929 0.008929 0.008929 0.044643 0.116071 0.008929 0.026786 
0.017857 0.053571 0.017857 0.053571 0.017857 0.160714 0.017857 0.053571 0.017857 0.017857 0.017857 0.017857 0.410714 0.017857 0.017857 0.017857 0.017857 0.017857 0.017857 0.017857 
0.011628 0.104651 0.011628 0.011628 0.081395 0.011628 0.011628 0.011628 0.011628 0.011628 0.011628 0.034884 0.523256 0.011628 0.011628 0.034884 0.034884 0.011628 0.011628 0.034884 
0.016667 0.016667 0.016667 0.050000 0.016667 0.150000 0.016667 0.016667 0.016667 0.050000 0.016667 0.016667 0.483333 0.016667 0.016667 0.016667 0.016667 0.016667 0.016667 0.016667 
0.010870 0.032609 0.032609 0.010870 0.010870 0.010870 0.032609 0.032609 0.010870 0.010870 0.010870 0.010870 0.663043 0.032609 0.010870 0.032609 0.010870 0.010870 0.010870 0.010870 
0.020000 0.060000 0.020000 0.140000 0.020000 0.020000 0.020000 0.020000 0.020000 0.020000 0.060000 0.020000 0.380000 0.060000 0.020000 0.020000 0.020000 0.020000 0.020000 0.020000 
0.013158 0.039474 0.039474 0.013158 0.013158 0.013158 0.013158 0.013158 0.065789 0.092105 0.013158 0.039474 0.513158 0.013158 0.013158 0.013158 0.039474 0.013158 0.013158 0.013158 
0.007143 0.007143 0.007143 0.007143 0.007143 0.035714 0.007143 0.007143 0.007143 0.007143 0.007143 0.050000 0.792857 0.007143 0.007143 0.007143 0.007143 0.007143 0.007143 0.007143 
0.080357 0.008929 0.062500 0.026786 0.062500 0.008929 0.044643 0.026786 0.116071 0.008929 0.187500 0.008929 0.187500 0.008929 0.026786 0.026786 0.044643 0.008929 0.044643 0.008929 
0.008197 0.008197 0.090164 0.270492 0.008197 0.008197 0.008197 0.024590 0.008197 0.008197 0.204918 0.024590 0.073770 0.040984 0.024590 0.008197 0.008197 0.122951 0.008197 0.040984 
0.008621 0.146552 0.025862 0.008621 0.060345 0.025862 0.025862 0.077586 0.008621 0.008621 0.060345 0.043103 0.163793 0.025862 0.025862 0.043103 0.181034 0.008621 0.043103 0.008621 
0.013889 0.013889 0.013889 0.013889 0.041667 0.013889 0.013889 0.013889 0.013889 0.013889 0.013889 0.041667 0.430556 0.013889 0.013889 0.152778 0.013889 0.069444 0.069444 0.013889 
0.022727 0.022727 0.022727 0.022727 0.022727 0.113636 0.022727 0.022727 0.022727 0.022727 0.022727 0.022727 0.477273 0.022727 0.022727 0.022727 0.022727 0.022727 0.022727 0.022727 
0.014706 0.073529 0.044118 0.014706 0.014706 0.014706 0.014706 0.014706 0.044118 0.044118 0.044118 0.014706 0.544118 0.014706 0.014706 0.014706 0.014706 0.014706 0.014706 0.014706 
0.010417 0.281250 0.114583 0.052083 0.052083 0.010417 0.031250 0.031250 0.010417 0.010417 0.052083 0.197917 0.052083 0.010417 0.010417 0.010417 0.010417 0.010417 0.010417 0.031250 
0.016129 0.016129 0.016129 0.080645 0.016129 0.016129 0.016129 0.048387 0.016129 0.016129 0.016129 0.112903 0.500000 0.016129 0.016129 0.016129 0.016129 0.016129 0.016129 0.016129 
0.014286 0.042857 0.014286 0.014286 0.014286 0.014286 0.014286 0.071429 0.014286 0.014286 0.014286 0.042857 0.528571 0.014286 0.014286 0.071429 0.014286 0.014286 0.042857 0.014286 
0.014286 0.071429 0.014286 0.014286 0.042857 0.014286 0.014286 0.014286 0.042857 0.014286 0.014286 0.014286 0.585714 0.014286 0.014286 0.042857 0.014286 0.014286 0.014286 0.014286 
0.012821 0.064103 0.012821 0.012821 0.012821 0.064103 0.012821 0.012821 0.012821 0.012821 0.243590 0.012821 0.115385 0.012821 0.038462 0.012821 0.294872 0.012821 0.012821 0.012821 
0.027273 0.009091 0.009091 0.009091 0.009091 0.154545 0.009091 0.009091 0.245455 0.009091 0.118182 0.009091 0.136364 0.009091 0.009091 0.009091 0.009091 0.154545 0.045455 0.009091 
0.012821 0.012821 0.012821 0.089744 0.166667 0.012821 0.064103 0.089744 0.064103 0.012821 0.012821 0.012821 0.217949 0.089744 0.012821 0.012821 0.012821 0.038462 0.012821 0.038462 
0.012195 0.036585 0.012195 0.012195 0.012195 0.012195 0.036585 0.036585 0.060976 0.012195 0.012195 0.012195 0.597561 0.012195 0.012195 0.036585 0.036585 0.012195 0.012195 0.012195 
0.007143 0.064286 0.007143 0.007143 0.021429 0.021429 0.078571 0.007143 0.035714 0.135714 0.192857 0.021429 0.192857 0.021429 0.064286 0.007143 0.021429 0.035714 0.035714 0.021429 
0.009804 0.049020 0.009804 0.009804 0.068627 0.009804 0.029412 0.009804 0.362745 0.049020 0.009804 0.009804 0.186275 0.009804 0.029412 0.009804 0.009804 0.088235 0.009804 0.029412 
0.042373 0.008475 0.025424 0.059322 0.042373 0.008475 0.008475 0.008475 0.042373 0.008475 0.347458 0.008475 0.228814 0.008475 0.008475 0.008475 0.008475 0.076271 0.042373 0.008475 
0.008475 0.008475 0.008475 0.008475 0.042373 0.008475 0.008475 0.042373 0.415254 0.008475 0.008475 0.008475 0.279661 0.008475 0.008475 0.008475 0.008475 0.008475 0.093220 0.008475 
0.010204 0.255102 0.010204 0.010204 0.010204 0.091837 0.010204 0.010204 0.010204 0.132653 0.255102 0.010204 0.051020 0.010204 0.030612 0.010204 0.010204 0.030612 0.030612 0.010204 
0.015957 0.005319 0.005319 0.037234 0.015957 0.015957 0.037234 0.590426 0.005319 0.005319 0.079787 0.005319 0.005319 0.047872 0.015957 0.015957 0.047872 0.026596 0.005319 0.015957 
0.010870 0.076087 0.010870 0.032609 0.010870 0.141304 0.032609 0.054348 0.010870 0.010870 0.076087 0.010870 0.358696 0.032609 0.032609 0.010870 0.032609 0.010870 0.010870 0.032609 
0.006849 0.006849 0.020548 0.006849 0.006849 0.047945 0.006849 0.020548 0.006849 0.034247 0.020548 0.006849 0.075342 0.568493 0.006849 0.075342 0.047945 0.020548 0.006849 0.006849 
0.017857 0.017857 0.017857 0.089286 0.017857 0.017857 0.017857 0.017857 0.017857 0.017857 0.017857 0.017857 0.410714 0.017857 0.017857 0.089286 0.017857 0.017857 0.053571 0.089286 
0.015625 0.015625 0.015625 0.015625 0.015625 0.015625 0.015625 0.109375 0.015625 0.015625 0.015625 0.015625 0.609375 0.015625 0.015625 0.015625 0.015625 0.015625 0.015625 0.015625 
0.011905 0.011905 0.035714 0.011905 0.011905 0.011905 0.011905 0.011905 0.107143 0.011905 0.011905 0.035714 0.583333 0.011905 0.011905 0.011905 0.011905 0.035714 0.011905 0.035714 
0.011628 0.011628 0.011628 0.011628 0.058140 0.011628 0.011628 0.011628 0.011628 0.011628 0.011628 0.011628 0.686047 0.011628 0.034884 0.034884 0.011628 0.011628 0.011628 0.011628 
0.012821 0.012821 0.012821 0.012821 0.038462 0.012821 0.012821 0.012821 0.012821 0.038462 0.012821 0.012821 0.602564 0.012821 0.038462 0.012821 0.038462 0.038462 0.038462 0.012821 
0.010417 0.010417 0.010417 0.031250 0.010417 0.010417 0.010417 0.010417 0.031250 0.010417 0.010417 0.010417 0.572917 0.031250 0.010417 0.031250 0.114583 0.010417 0.031250 0.031250 
0.012821 0.012821 0.038462 0.038462 0.115385 0.012821 0.012821 0.012821 0.089744 0.038462 0.038462 0.012821 0.474359 0.012821 0.012821 0.012821 0.012821 0.012821 0.012821 0.012821 
0.012821 0.012821 0.012821 0.012821 0.012821 0.012821 0.012821 0.064103 0.064103 0.038462 0.012821 0.038462 0.525641 0.012821 0.012821 0.012821 0.089744 0.012821 0.012821 0.012821 
0.039474 0.013158 0.039474 0.065789 0.013158 0.013158 0.013158 0.013158 0.013158 0.013158 0.013158 0.092105 0.565789 0.013158 0.013158 0.013158 0.013158 0.013158 0.013158 0.013158 
0.011905 0.011905 0.011905 0.011905 0.059524 0.035714 0.059524 0.011905 0.035714 0.059524 0.345238 0.011905 0.011905 0.011905 0.011905 0.035714 0.011905 0.226190 0.011905 0.011905 
0.008333 0.008333 0.025000 0.008333 0.008333 0.208333 0.141667 0.008333 0.025000 0.108333 0.008333 0.025000 0.058333 0.025000 0.008333 0.291667 0.008333 0.008333 0.008333 0.008333 
0.007812 0.007812 0.007812 0.023438 0.007812 0.007812 0.007812 0.007812 0.289062 0.007812 0.507812 0.007812 0.007812 0.023438 0.007812 0.023438 0.007812 0.023438 0.007812 0.007812 
0.054348 0.010870 0.010870 0.163043 0.010870 0.010870 0.032609 0.076087 0.010870 0.032609 0.250000 0.010870 0.054348 0.010870 0.032609 0.141304 0.010870 0.010870 0.010870 0.054348 
0.024194 0.008065 0.008065 0.056452 0.008065 0.024194 0.008065 0.024194 0.008065 0.024194 0.040323 0.008065 0.701613 0.008065 0.008065 0.008065 0.008065 0.008065 0.008065 0.008065 
0.030000 0.030000 0.010000 0.030000 0.170000 0.010000 0.010000 0.150000 0.010000 0.010000 0.010000 0.050000 0.390000 0.010000 0.030000 0.010000 0.010000 0.010000 0.010000 0.010000 
0.021739 0.021739 0.021739 0.065217 0.021739 0.021739 0.021739 0.021739 0.065217 0.021739 0.021739 0.108696 0.326087 0.065217 0.021739 0.021739 0.021739 0.021739 0.065217 0.021739 
0.010000 0.030000 0.030000 0.030000 0.030000 0.230000 0.050000 0.010000 0.130000 0.010000 0.070000 0.010000 0.130000 0.010000 0.010000 0.030000 0.150000 0.010000 0.010000 0.010000 
0.005618 0.005618 0.016854 0.016854 0.016854 0.398876 0.005618 0.016854 0.005618 0.016854 0.039326 0.207865 0.005618 0.005618 0.196629 0.005618 0.016854 0.005618 0.005618 0.005618 
0.013514 0.202703 0.013514 0.013514 0.013514 0.013514 0.229730 0.013514 0.013514 0.013514 0.013514 0.175676 0.040541 0.013514 0.013514 0.094595 0.067568 0.013514 0.013514 0.013514 
0.011628 0.011628 0.011628 0.081395 0.011628 0.058140 0.290698 0.011628 0.058140 0.011628 0.011628 0.034884 0.011628 0.011628 0.034884 0.034884 0.174419 0.011628 0.104651 0.011628 
0.007353 0.022059 0.007353 0.007353 0.007353 0.419118 0.139706 0.007353 0.007353 0.036765 0.007353 0.110294 0.007353 0.110294 0.036765 0.007353 0.036765 0.007353 0.007353 0.007353 
0.004808 0.004808 0.024038 0.062500 0.004808 0.081731 0.014423 0.004808 0.552885 0.033654 0.033654 0.014423 0.052885 0.014423 0.004808 0.004808 0.033654 0.014423 0.024038 0.014423 
0.016129 0.016129 0.016129 0.306452 0.048387 0.145161 0.048387 0.048387 0.016129 0.080645 0.016129 0.016129 0.016129 0.016129 0.016129 0.080645 0.048387 0.016129 0.016129 0.016129 
0.011905 0.011905 0.035714 0.011905 0.011905 0.011905 0.226190 0.035714 0.011905 0.083333 0.011905 0.321429 0.011905 0.011905 0.035714 0.035714 0.011905 0.011905 0.059524 0.035714 
0.011628 0.034884 0.034884 0.011628 0.011628 0.081395 0.058140 0.011628 0.011628 0.034884 0.034884 0.174419 0.034884 0.034884 0.011628 0.127907 0.220930 0.011628 0.034884 0.011628 
0.013158 0.039474 0.039474 0.065789 0.013158 0.013158 0.513158 0.013158 0.013158 0.013158 0.013158 0.039474 0.013158 0.013158 0.013158 0.039474 0.065789 0.013158 0.039474 0.013158 
0.003571 0.025000 0.010714 0.032143 0.003571 0.539286 0.082143 0.003571 0.003571 0.003571 0.003571 0.003571 0.003571 0.039286 0.053571 0.039286 0.003571 0.075000 0.010714 0.060714 
0.011905 0.011905 0.011905 0.083333 0.011905 0.035714 0.250000 0.226190 0.011905 0.011905 0.011905 0.011905 0.011905 0.083333 0.011905 0.011905 0.154762 0.011905 0.011905 0.011905 
0.046667 0.193333 0.006667 0.006667 0.020000 0.046667 0.193333 0.033333 0.060000 0.020000 0.020000 0.020000 0.033333 0.020000 0.006667 0.006667 0.100000 0.033333 0.006667 0.126667 
0.009434 0.028302 0.009434 0.047170 0.028302 0.066038 0.254717 0.028302 0.009434 0.009434 0.009434 0.103774 0.028302 0.066038 0.028302 0.009434 0.066038 0.084906 0.009434 0.103774 
0.012500 0.037500 0.012500 0.012500 0.012500 0.012500 0.012500 0.012500 0.012500 0.012500 0.137500 0.237500 0.037500 0.062500 0.062500 0.037500 0.012500 0.112500 0.062500 0.087500 
0.062500 0.026786 0.008929 0.026786 0.008929 0.098214 0.080357 0.008929 0.008929 0.008929 0.008929 0.294643 0.044643 0.008929 0.116071 0.044643 0.098214 0.008929 0.026786 0.008929 
0.014286 0.014286 0.042857 0.100000 0.042857 0.214286 0.042857 0.042857 0.042857 0.014286 0.014286 0.185714 0.014286 0.042857 0.042857 0.071429 0.014286 0.014286 0.014286 0.014286 
0.110000 0.010000 0.010000 0.010000 0.010000 0.110000 0.070000 0.110000 0.010000 0.010000 0.010000 0.030000 0.010000 0.090000 0.010000 0.010000 0.230000 0.030000 0.010000 0.110000 
0.035714 0.083333 0.202381 0.011905 0.011905 0.035714 0.273810 0.011905 0.011905 0.011905 0.011905 0.011905 0.011905 0.011905 0.035714 0.011905 0.059524 0.035714 0.107143 0.011905 
0.006098 0.006098 0.006098 0.006098 0.006098 0.054878 0.006098 0.030488 0.006098 0.006098 0.164634 0.006098 0.006098 0.006098 0.006098 0.067073 0.006098 0.091463 0.006098 0.506098 
0.008065 0.008065 0.024194 0.088710 0.040323 0.088710 0.040323 0.008065 0.040323 0.008065 0.008065 0.088710 0.008065 0.201613 0.008065 0.024194 0.153226 0.008065 0.137097 0.008065 
0.012500 0.012500 0.037500 0.012500 0.012500 0.037500 0.237500 0.012500 0.012500 0.012500 0.012500 0.062500 0.037500 0.012500 0.012500 0.387500 0.012500 0.012500 0.012500 0.037500 
0.084906 0.198113 0.009434 0.009434 0.009434 0.084906 0.066038 0.028302 0.009434 0.009434 0.009434 0.047170 0.066038 0.254717 0.009434 0.047170 0.009434 0.009434 0.009434 0.028302 
0.010417 0.010417 0.010417 0.010417 0.052083 0.031250 0.156250 0.010417 0.010417 0.052083 0.010417 0.052083 0.156250 0.177083 0.010417 0.010417 0.010417 0.031250 0.177083 0.010417 
0.009434 0.009434 0.330189 0.009434 0.028302 0.122642 0.009434 0.028302 0.009434 0.009434 0.009434 0.198113 0.066038 0.103774 0.009434 0.009434 0.009434 0.009434 0.009434 0.009434 
0.005102 0.005102 0.096939 0.066327 0.025510 0.015306 0.005102 0.280612 0.005102 0.005102 0.250000 0.015306 0.015306 0.015306 0.005102 0.015306 0.096939 0.035714 0.035714 0.005102 
0.023810 0.023810 0.023810 0.007937 0.007937 0.436508 0.023810 0.055556 0.039683 0.007937 0.055556 0.039683 0.007937 0.071429 0.007937 0.023810 0.039683 0.039683 0.023810 0.039683 
0.039062 0.007812 0.007812 0.195312 0.101562 0.039062 0.054688 0.085938 0.007812 0.007812 0.007812 0.007812 0.007812 0.007812 0.007812 0.054688 0.242188 0.039062 0.070312 0.007812 
0.005618 0.016854 0.016854 0.005618 0.005618 0.084270 0.005618 0.398876 0.016854 0.005618 0.129213 0.016854 0.005618 0.005618 0.005618 0.005618 0.073034 0.174157 0.016854 0.005618 
0.003378 0.003378 0.016892 0.057432 0.023649 0.260135 0.010135 0.010135 0.010135 0.016892 0.016892 0.037162 0.003378 0.037162 0.050676 0.375000 0.010135 0.050676 0.003378 0.003378 
0.170000 0.010000 0.010000 0.010000 0.010000 0.070000 0.010000 0.010000 0.030000 0.010000 0.030000 0.070000 0.010000 0.010000 0.010000 0.030000 0.090000 0.010000 0.390000 0.010000 
0.345238 0.035714 0.011905 0.035714 0.011905 0.035714 0.083333 0.011905 0.011905 0.011905 0.011905 0.011905 0.011905 0.035714 0.035714 0.011905 0.011905 0.011905 0.226190 0.035714 
0.098214 0.026786 0.008929 0.044643 0.008929 0.062500 0.026786 0.026786 0.008929 0.026786 0.008929 0.026786 0.008929 0.008929 0.026786 0.008929 0.080357 0.008929 0.473214 0.008929 
0.063636 0.009091 0.027273 0.009091 0.009091 0.063636 0.009091 0.245455 0.009091 0.027273 0.009091 0.227273 0.063636 0.009091 0.063636 0.009091 0.009091 0.009091 0.100000 0.027273 
0.047297 0.006757 0.006757 0.006757 0.006757 0.006757 0.006757 0.304054 0.006757 0.074324 0.020270 0.047297 0.006757 0.006757 0.006757 0.060811 0.250000 0.033784 0.087838 0.006757 
0.143836 0.034247 0.020548 0.020548 0.006849 0.006849 0.047945 0.020548 0.020548 0.061644 0.006849 0.006849 0.006849 0.061644 0.006849 0.006849 0.116438 0.006849 0.376712 0.020548 
0.084615 0.007692 0.007692 0.007692 0.023077 0.084615 0.023077 0.023077 0.007692 0.007692 0.007692 0.007692 0.038462 0.038462 0.007692 0.007692 0.007692 0.007692 0.438462 0.161538 
0.027778 0.027778 0.009259 0.009259 0.046296 0.064815 0.009259 0.046296 0.101852 0.009259 0.009259 0.027778 0.064815 0.101852 0.009259 0.009259 0.194444 0.009259 0.212963 0.009259 
0.039683 0.055556 0.007937 0.023810 0.007937 0.007937 0.055556 0.515873 0.007937 0.007937 0.103175 0.007937 0.071429 0.007937 0.007937 0.023810 0.023810 0.007937 0.007937 0.007937 
0.079268 0.006098 0.006098 0.030488 0.006098 0.103659 0.079268 0.006098 0.018293 0.018293 0.006098 0.006098 0.006098 0.006098 0.006098 0.018293 0.103659 0.006098 0.445122 0.042683 
0.010638 0.031915 0.010638 0.117021 0.031915 0.010638 0.031915 0.414894 0.010638 0.031915 0.010638 0.053191 0.053191 0.010638 0.010638 0.053191 0.031915 0.053191 0.010638 0.010638 
0.013889 0.004630 0.032407 0.060185 0.023148 0.347222 0.013889 0.004630 0.004630 0.004630 0.004630 0.300926 0.004630 0.004630 0.106481 0.013889 0.032407 0.013889 0.004630 0.004630 
0.013889 0.013889 0.013889 0.013889 0.013889 0.013889 0.291667 0.041667 0.013889 0.041667 0.013889 0.097222 0.013889 0.013889 0.013889 0.180556 0.125000 0.013889 0.041667 0.013889 
0.020833 0.104167 0.020833 0.354167 0.020833 0.062500 0.020833 0.020833 0.020833 0.020833 0.020833 0.020833 0.020833 0.020833 0.020833 0.020833 0.020833 0.020833 0.020833 0.145833 
0.079268 0.006098 0.018293 0.006098 0.054878 0.079268 0.006098 0.445122 0.054878 0.006098 0.030488 0.018293 0.006098 0.067073 0.030488 0.006098 0.030488 0.006098 0.030488 0.018293 
0.016667 0.150000 0.016667 0.083333 0.016667 0.016667 0.316667 0.016667 0.050000 0.016667 0.050000 0.050000 0.016667 0.016667 0.016667 0.050000 0.016667 0.016667 0.050000 0.016667 
0.039474 0.328947 0.039474 0.039474 0.013158 0.013158 0.013158 0.013158 0.039474 0.013158 0.013158 0.197368 0.092105 0.039474 0.013158 0.013158 0.013158 0.013158 0.039474 0.013158 
0.015152 0.015152 0.015152 0.015152 0.015152 0.015152 0.106061 0.015152 0.015152 0.015152 0.015152 0.500000 0.015152 0.015152 0.015152 0.106061 0.015152 0.015152 0.045455 0.015152 
0.018519 0.018519 0.018519 0.018519 0.018519 0.277778 0.018519 0.018519 0.018519 0.018519 0.018519 0.277778 0.018519 0.018519 0.055556 0.018519 0.018519 0.055556 0.055556 0.018519 
0.008929 0.008929 0.008929 0.008929 0.008929 0.008929 0.116071 0.205357 0.008929 0.008929 0.008929 0.008929 0.026786 0.008929 0.008929 0.348214 0.026786 0.151786 0.008929 0.008929 
0.011628 0.011628 0.011628 0.151163 0.011628 0.011628 0.011628 0.104651 0.011628 0.011628 0.104651 0.034884 0.011628 0.011628 0.406977 0.011628 0.034884 0.011628 0.011628 0.011628 
0.013158 0.013158 0.013158 0.013158 0.065789 0.013158 0.328947 0.092105 0.013158 0.013158 0.013158 0.013158 0.250000 0.013158 0.039474 0.013158 0.013158 0.013158 0.013158 0.039474 
0.014286 0.014286 0.614286 0.014286 0.014286 0.014286 0.042857 0.014286 0.014286 0.042857 0.014286 0.042857 0.014286 0.014286 0.014286 0.014286 0.042857 0.014286 0.014286 0.014286 
0.014286 0.014286 0.557143 0.014286 0.014286 0.042857 0.014286 0.014286 0.014286 0.071429 0.014286 0.071429 0.042857 0.014286 0.014286 0.014286 0.014286 0.014286 0.014286 0.014286 
0.023810 0.007937 0.404762 0.007937 0.007937 0.103175 0.007937 0.023810 0.023810 0.119048 0.023810 0.023810 0.007937 0.007937 0.023810 0.007937 0.023810 0.039683 0.007937 0.103175 
0.008621 0.008621 0.405172 0.025862 0.008621 0.025862 0.129310 0.043103 0.043103 0.025862 0.008621 0.025862 0.008621 0.008621 0.008621 0.008621 0.112069 0.008621 0.008621 0.077586 
0.008065 0.024194 0.508065 0.008065 0.008065 0.008065 0.008065 0.008065 0.104839 0.024194 0.008065 0.008065 0.056452 0.008065 0.040323 0.024194 0.072581 0.024194 0.008065 0.040323 
0.010638 0.010638 0.010638 0.031915 0.010638 0.053191 0.159574 0.031915 0.010638 0.010638 0.010638 0.010638 0.010638 0.010638 0.010638 0.329787 0.202128 0.053191 0.010638 0.010638 
0.005814 0.005814 0.040698 0.005814 0.017442 0.156977 0.005814 0.017442 0.005814 0.029070 0.005814 0.052326 0.075581 0.017442 0.005814 0.470930 0.017442 0.005814 0.029070 0.029070 
0.005495 0.027473 0.005495 0.038462 0.005495 0.082418 0.005495 0.005495 0.005495 0.027473 0.005495 0.038462 0.005495 0.016484 0.016484 0.247253 0.302198 0.126374 0.016484 0.016484 
0.033333 0.011111 0.033333 0.011111 0.011111 0.011111 0.033333 0.011111 0.011111 0.166667 0.011111 0.122222 0.011111 0.011111 0.011111 0.166667 0.011111 0.188889 0.122222 0.011111 
0.057692 0.019231 0.211538 0.134615 0.019231 0.057692 0.019231 0.096154 0.019231 0.019231 0.019231 0.019231 0.057692 0.019231 0.019231 0.019231 0.134615 0.019231 0.019231 0.019231 
0.004808 0.254808 0.014423 0.033654 0.033654 0.120192 0.177885 0.024038 0.004808 0.004808 0.004808 0.024038 0.004808 0.014423 0.014423 0.004808 0.091346 0.004808 0.158654 0.004808 
0.021739 0.021739 0.021739 0.065217 0.021739 0.195652 0.152174 0.021739 0.021739 0.021739 0.065217 0.108696 0.021739 0.108696 0.021739 0.021739 0.021739 0.021739 0.021739 0.021739 
0.009259 0.009259 0.046296 0.046296 0.009259 0.324074 0.027778 0.009259 0.009259 0.009259 0.101852 0.175926 0.009259 0.064815 0.009259 0.064815 0.046296 0.009259 0.009259 0.009259 
0.005747 0.028736 0.005747 0.040230 0.005747 0.109195 0.293103 0.051724 0.005747 0.005747 0.005747 0.040230 0.005747 0.017241 0.051724 0.224138 0.086207 0.005747 0.005747 0.005747 
0.009434 0.047170 0.047170 0.443396 0.009434 0.028302 0.009434 0.028302 0.009434 0.084906 0.084906 0.009434 0.009434 0.009434 0.009434 0.103774 0.009434 0.009434 0.028302 0.009434 
0.004587 0.013761 0.169725 0.032110 0.013761 0.013761 0.004587 0.004587 0.004587 0.068807 0.096330 0.123853 0.013761 0.050459 0.004587 0.224771 0.022936 0.004587 0.004587 0.123853 
0.011111 0.011111 0.011111 0.011111 0.033333 0.322222 0.188889 0.011111 0.011111 0.011111 0.055556 0.055556 0.011111 0.055556 0.011111 0.033333 0.033333 0.033333 0.055556 0.033333 
0.014706 0.132353 0.014706 0.044118 0.014706 0.014706 0.073529 0.014706 0.014706 0.014706 0.161765 0.250000 0.014706 0.014706 0.014706 0.132353 0.014706 0.014706 0.014706 0.014706 
0.009434 0.028302 0.632075 0.009434 0.009434 0.028302 0.066038 0.009434 0.009434 0.009434 0.009434 0.009434 0.047170 0.028302 0.009434 0.009434 0.028302 0.009434 0.028302 0.009434 
0.009615 0.009615 0.009615 0.221154 0.009615 0.067308 0.028846 0.009615 0.009615 0.009615 0.009615 0.048077 0.048077 0.009615 0.009615 0.182692 0.125000 0.048077 0.048077 0.086538 
0.013514 0.013514 0.040541 0.013514 0.013514 0.013514 0.040541 0.013514 0.013514 0.013514 0.013514 0.094595 0.040541 0.013514 0.013514 0.581081 0.013514 0.013514 0.013514 0.013514 
0.010870 0.010870 0.010870 0.010870 0.010870 0.010870 0.032609 0.010870 0.010870 0.032609 0.010870 0.684783 0.010870 0.010870 0.010870 0.010870 0.010870 0.010870 0.076087 0.010870 
0.035714 0.035714 0.011905 0.011905 0.011905 0.083333 0.273810 0.011905 0.059524 0.011905 0.011905 0.226190 0.011905 0.011905 0.011905 0.011905 0.130952 0.011905 0.011905 0.011905 
0.007246 0.050725 0.007246 0.007246 0.007246 0.108696 0.007246 0.007246 0.021739 0.050725 0.021739 0.355072 0.007246 0.007246 0.152174 0.094203 0.036232 0.007246 0.007246 0.036232 
0.041667 0.097222 0.013889 0.208333 0.013889 0.013889 0.208333 0.013889 0.013889 0.013889 0.013889 0.041667 0.097222 0.069444 0.013889 0.041667 0.013889 0.013889 0.013889 0.041667 
0.013514 0.013514 0.013514 0.067568 0.013514 0.040541 0.040541 0.040541 0.013514 0.040541 0.013514 0.013514 0.013514 0.013514 0.013514 0.554054 0.040541 0.013514 0.013514 0.013514 
0.009615 0.009615 0.009615 0.067308 0.009615 0.182692 0.028846 0.009615 0.009615 0.048077 0.009615 0.451923 0.009615 0.009615 0.009615 0.009615 0.009615 0.009615 0.009615 0.086538 
